8 8 8 8 8 8 8 8 7 7 7 7 6 6 2 0 0 2 5 6 6 6 7 7 7 7 7 7 7 7 7 7 7 7 7 8 8 8 8 8 8
8 8 8 8 8 8 8 7 7 7 7 6 6 5 2 0 2 5 6 6 6 6 7 7 7 7 7 7 7 7 7 7 7 7 8 8 8 8 8 9 9
8 8 8 8 8 8 7 7 7 7 6 6 5 2 0 2 5 6 6 6 6 7 7 7 7 7 7 7 7 7 7 7 7 8 8 8 9 9 9 9 10
8 8 8 8 7 7 7 7 7 6 6 5 0 0 2 5 6 6 6 6 7 7 7 7 7 7 7 7 7 7 8 8 9 9 9 9 9 10 10 10 40
8 8 7 7 7 7 6 6 6 6 5 0 0 0 5 6 6 7 7 7 7 7 7 7 7 7 9 9 9 9 9 9 9 10 10 10 10 40 40 40 40
7 7 7 7 6 6 6 5 5 2 0 0 2 5 6 7 7 7 7 7 7 9 9 9 9 9 9 10 10 10 10 10 10 90 90 40 40 40 40 40 40
7 7 6 6 6 5 5 2 0 0 2 5 5 7 7 8 9 9 9 9 9 9 10 10 10 10 10 90 90 90 90 90 90 50 50 15 15 15 40 40 40
6 6 6 5 5 5 2 0 0 2 5 7 7 8 8 8 8 10 10 10 10 10 90 90 90 90 90 110 110 110 140 90 90 50 50 15 15 15 15 40 40
5 5 5 5 2 0 0 0 5 5 7 7 8 10 10 10 10 90 90 90 90 90 110 110 110 110 110 110 90 90 90 200 200 200 50 40 40 40 40 40 40
2 2 0 0 0 0 2 5 7 8 8 8 10 90 90 90 90 110 110 110 110 110 110 90 90 90 90 90 90 90 90 200 200 200 50 40 40 40 40 40 40
0 0 0 2 5 5 5 10 10 10 10 10 50 90 110 110 50 50 50 50 50 90 110 100 90 50 50 50 50 90 90 200 200 200 50 15 15 15 15 40 40
2 2 5 5 20 20 40 40 40 50 50 50 50 90 110 90 50 50 50 50 50 90 110 100 90 50 50 50 50 90 90 200 200 200 50 15 15 15 15 40 40
10 10 20 20 25 30 40 40 40 40 50 50 160 90 110 110 90 90 90 90 90 90 110 100 90 50 50 50 50 90 90 200 200 200 50 15 15 15 15 40 40
10 20 20 20 23 30 36 40 40 40 40 40 50 90 90 90 90 90 90 90 90 90 90 110 90 90 90 90 90 90 90 200 200 200 50 15 15 15 15 40 40
10 20 20 20 23 30 32 35 40 40 40 40 50 40 40 40 40 40 40 40 40 40 90 110 110 110 110 110 110 110 110 90 90 90 50 15 15 15 15 40 40
10 10 20 20 20 23 28 33 34 40 40 50 40 40 40 40 40 40 40 40 40 40 90 90 90 90 90 90 90 90 90 90 140 90 50 15 15 15 15 40 40
10 10 10 20 20 20 21 27 26 25 25 50 40 40 40 40 40 40 40 40 40 40 20 20 20 20 20 20 20 20 40 40 90 90 90 50 15 15 40 40 40
6 10 10 10 20 20 21 22 23 24 24 20 40 40 20 20 20 20 20 20 20 20 15 15 15 15 15 15 15 15 20 20 40 50 50 50 40 40 40 40 40
6 7 7 10 10 10 20 20 20 24 24 20 20 20 20 20 15 15 15 15 15 15 15 13 13 13 13 13 13 13 15 20 20 50 50 50  40 40 40 40
6 6 6 7 10 10 10 20 20 20 20 20 20 15 15 15 13 13 13 13 13 13 13 10 10 10 10 10 10 10 13 15 15 20 20 20 40 20 20 20 40
6 6 6 6 7 10 10 10 10 20 20 20 20 15 15 15 13 13 13 13 10 10 10 10 9 9 9 9 9 9 10 13 13 15 15 20 20 20 15 20 20
5 6 6 6 6 7 10 10 10 10 20 20 20 20 20 20 15 15 10 10 10 10 10 10 9 9 8 8 8 8 9 10 10 13 13 15 15 15 15 15 20
5 5 5 5 6 6 7 10 10 10 10 10 20 20 20 20 20 20 15 10 10 10 10 10 9 8 8 7 7 8 8 9 9 10 10 13 13 13 13 15 15
5 5 5 5 5 5 6 7 7 7 10 10 10 10 10 10 20 20 15 15 15 15 15 10 9 8 7 7 7 7 7 8 9 9 9 10 10 10 10 13 13
5 5 5 5 5 5 5 5 5 6 7 7 7 10 10 10 10 10 10 15 10 15 15 10 9 8 7 5 5 5 5 7 8 8 8 9 9 9 9 10 10
3 3 5 5 5 5 5 5 5 5 5 6 6 7 7 7 7 7 7 10 10 10 15 7 8 7 5 5 5 5 5 5 7 7 7 8 8 8 9 9 9
3 3 3 3 3 5 5 5 5 5 5 5 5 6 6 6 6 6 7 7 7 7 7 7 7 5 5 5 5 5 5 5 5 5 5 7 7 7 8 8 8
3 3 3 3 3 3 3 3 5 5 5 5 5 5 5 6 6 6 6 6 6 6 6 6 6 5 5 5 5 5 5 5 5 5 5 5 5 7 7 7 7
